1
1
57
0
(1 0
((0,0,0) (31,31,31) (0,0,0))
)
1
FabOnDisk: Cell_D_00000 0

1,57
-2.1993979006313535e-01,-2.3474430057727799e-01,1.0262166373340581e-01,2.1432844634449741e-01,-1.2610558527347600e+05,2.9799999999999994e+02,1.0132499999999994e+05,-2.0967189652644697e+03,-1.2422194543179110e+10,-1.3402037258708176e+10,-2.8558795269033001e+10,-1.5274845532267280e+00,-9.7374849717739465e-02,-1.2701247486367754e+01,-2.9339920739893003e+01,-2.1368870707985600e+01,-1.5162733673051692e-03,-5.2761956589796988e+00,-5.5514876565658483e-02,-8.1034051040102539e-01,-1.1068888142020904e-01,-2.5896800354172807e+01,-5.3490971803155887e+00,-3.2949434847218129e-11,-1.0218555764609807e+00,-8.7487093487245393e-01,-1.1822569681824220e+00,-5.3689641656570442e-01,-3.4692040435364412e-02,-3.2255922038371798e+00,-1.4694196007525306e-05,-0.0000000000000000e+00,6.0000000000000000e+00,-2.1360783164115404e+00,3.7582653995796335e+08,3.0394641257360686e-05,4.3145467354091902e-07,-1.7627394038453138e-23,1.1795998077455458e-18,1.0536061008184470e-01,-1.5755603552545059e-18,5.6778470225578252e-11,4.0486381894294299e-14,-2.2019265253214028e-30,-1.1340206725054346e-31,-7.2453636640266620e-17,2.9057061377415384e-22,1.7769279345537073e-12,1.3520294408356192e-14,-5.0975359215797050e-32,1.7441473249428746e-17,-2.3875853682861788e-24,1.7524785260600379e-20,-3.4492201069066845e-27,-3.1472886965188429e-25,7.4473874646490157e-01,0.0000000000000000e+00,

1,57
2.2054284384542858e-01,2.2406161149781176e-01,1.0327336876622089e+00,1.1148068048065662e+00,-2.4392268920061222e+04,1.5800716388562669e+03,1.0132500000000007e+05,1.0896270678563287e+03,1.2344352644377661e+10,1.1822334277564920e+10,2.2074447696587601e+09,5.9796677144563493e-08,6.9753107929773517e-01,9.8511711012783632e-01,1.2962362542761885e-03,1.3193033758041244e+00,5.3657352163153398e+01,3.3683979197333778e+00,5.4335112030114707e-02,2.0255862078601043e+00,1.3287459984354506e+01,4.7817777298225263e-07,8.2454000419909121e+00,1.5964704261031358e+01,9.4207576482255551e+00,2.1375205046751704e+00,5.2932473397956659e-01,5.7255121185971813e-02,2.1775948682559996e+00,4.9108866599761053e-01,1.5307949340126470e-05,-0.0000000000000000e+00,9.0000000000000000e+00,6.4096571681588674e+08,5.8652572057450223e+08,8.0816608664576063e+02,3.0522816195221562e-03,1.9311087096409581e-05,6.6680009721413220e-04,2.2656667924137047e-01,1.2573192839816314e-03,8.1667040251358458e-02,1.2239338156883750e-04,5.7782702646340039e-07,4.8935395997664262e-08,8.3658999223003904e-05,2.4309615636832042e-02,1.1352473971314824e-02,6.6599227983754297e-02,3.7207159815421244e-06,4.0524469812544859e-04,3.3520354309196269e-06,1.2233872506365462e-04,2.9528853167972556e-06,1.9627646509382825e-04,7.4717518182955978e-01,0.0000000000000000e+00,

