1
1
57
0
(1 0
((0,0,0) (15,15,31) (0,0,0))
)
1
FabOnDisk: Cell_D_00000 0

1,57
-1.4125780447095010e-01,-1.2578535491514062e-01,1.2168645056509791e-01,2.1427091466852155e-01,-1.2607781258481382e+05,2.9800000000000000e+02,1.0132499999999994e+05,-1.4217693726639491e+03,-7.1963863915881538e+09,-8.1723728399064436e+09,-2.6333203512986053e+10,-7.9675798757045024e-01,-4.1964089079071121e-02,-6.0174264880256283e+00,-1.8135104600555021e+01,-1.0028492245410101e+01,-4.3066480003609074e-04,-2.4350070494744362e+00,-2.3132601781618235e-02,-2.5681516899487827e-01,-3.9575776975842941e-02,-1.2750630786084018e+01,-3.1223392876095835e+00,-4.6087753604469194e-12,-3.5702698371002300e-01,-4.7170004947201905e-01,-5.4892586733042159e-01,-2.6112844129604906e-01,-1.5037737856504084e-02,-1.5372212827407894e+00,-5.0489711313909166e-06,0.0000000000000000e+00,0.0000000000000000e+00,-6.3960627809896442e-01,1.1564540267109357e+07,2.0525332396100136e-04,1.7671323238292623e-07,-1.5193871199459471e-23,1.1795998077455456e-18,1.0536323368388618e-01,-1.2059871914942976e-18,5.6778470225578252e-11,4.0486381894294299e-14,-3.9524977294761131e-25,-3.2954012370972657e-26,-5.5028827399524154e-17,-5.5801071052228981e-23,1.7769279345537073e-12,1.3520294408356192e-14,-3.0540623340016774e-32,2.7146439881306381e-18,-1.7858081310147166e-24,5.0054144233783444e-23,-6.3527780716751547e-27,-6.4271313899786675e-25,7.4531381827404231e-01,0.0000000000000000e+00,

1,57
1.3385787827878121e-01,1.3871591878551742e-01,1.0090170252959190e+00,1.1144652392307182e+00,-2.4382425656533276e+04,1.5805391803764994e+03,1.0132500000000006e+05,3.5658817369393233e+02,6.8373976035699577e+09,7.3876676963291969e+09,1.7282915488649001e+09,3.0642982830862697e-08,3.1272916201147405e-01,3.9942841387312833e-01,9.3266344566051741e-04,7.9451437737304575e-01,2.6817024195872118e+01,1.2715611011812298e+00,2.5454869261128773e-02,9.4746463682010507e-01,6.2050210342748109e+00,2.0204959637619598e-07,3.6392707391019545e+00,1.0145493172277893e+01,4.5151775532464731e+00,9.7234888514547169e-01,2.2167104205927751e-01,2.2267627307921495e-02,1.0487518355894705e+00,1.6792969051598222e-01,7.3473618978116273e-06,0.0000000000000000e+00,6.0000000000000000e+00,3.4894771920104462e+08,5.8536239643903875e+08,4.0220973754057798e+02,3.0522816195221558e-03,1.4576502191906394e-05,5.2740536982806118e-04,2.2656091598636618e-01,1.1521340122501208e-03,8.1696128495036324e-02,8.9983921577545487e-05,3.1836168253260946e-07,2.6963276331289065e-08,4.8081713422932651e-05,2.4308952833178191e-02,8.6071164936692250e-03,6.6608069372904477e-02,2.0689773466592701e-06,2.7842928983023437e-04,2.1859471203101580e-06,7.9923975026133454e-05,1.6968864370785679e-06,1.2552946708162640e-04,7.4684588761606963e-01,0.0000000000000000e+00,

